# Created by Octave 4.2.2, Sat Jan 12 17:23:48 2019 JST <hseldon@hseldon-G551JW>
# name: allCompass
# type: global matrix
# rows: 3662
# columns: 1
 0
 0.1466076571675234
 0.2426007660272118
 0.3316125578789233
 0.3892084231947353
 0.4677482395344796
 0.4782202150464459
 0.5061454830783561
 0.5532693728822027
 0.5375614096142529
 0.5480333851262191
 0.5462880558742249
 0.5654866776461631
 0.5532693728822027
 0.5323254218582711
 0.5113814708343378
 0.5131268000863329
 0.5131268000863329
 0.4782202150464459
 0.4607669225265028
 0.4433136300065597
 0.4415683007545637
 0.4171336912266437
 0.3752457891787815
 0.3612831551628268
 0.3228859116189513
 0.3089232776029966
 0.2879793265790651
 0.2687807048071269
 0.2391101075232234
 0.2129301687433083
 0.1815142422074096
 0.1658062789394616
 0.1483529864195177
 0.1134464013796315
 0.08552113334772216
 0.06632251157578395
 0.02094395102393243
 6.281439977927592
 6.246533392887705
 6.211626807847819
 6.211626807847819
 6.161012259539984
 6.133086991508073
 6.108652381980153
 6.028367236388414
 6.042329870404369
 6.012659273120465
 6.026621907136419
 5.932374127528726
 5.897467542488839
 5.845107664929009
 5.818927726149094
 5.775294494849236
 5.703735995517468
 5.691518690753508
 5.63566815468969
 5.602506898901797
 5.562364326105929
 5.529203070318036
 5.497787143782138
 5.471607205002224
 5.424483315198376
 5.407030022678433
 5.372123437638546
 5.358160803622591
 5.305800926062761
 5.295328950550797
 5.249950389998943
 5.215043804959057
 5.187118536927148
 5.187118536927148
 5.162683927399226
 5.153957281139255
 5.127777342359341
 5.119050696099368
 5.119050696099368
 5.127777342359341
 5.138249317871306
 5.134758659367318
 5.1399946471233
 5.155702610391249
 5.159193268895237
 5.166174585903216
 5.18013721991917
 5.195845183187119
 5.195845183187119
 5.202826500195096
 5.227261109723017
 5.190609195431136
 5.174901232163187
 5.155702610391249
 5.131268000863328
 5.127777342359341
 5.021312257987686
 5.037020221255634
 5.038765550507629
 5.042256209011619
 5.077162794051505
 5.066690818539538
 5.033529562751646
 5.030038904247658
 4.984660343695806
 4.977679026687827
 4.960225734167884
 4.951499087907914
 4.941027112395947
 4.911356515112043
 4.885176576332128
 4.888667234836117
 4.885176576332128
 4.850269991292241
 4.925319149127999
 4.960225734167884
 5.101597403579426
 5.11556003759538
 5.20806248795108
 5.195845183187119
 5.305800926062761
 5.375614096142534
 5.508259119294103
 5.63566815468969
 5.784021141109208
 5.803219762881146
 6.037093882648386
 5.94982742004867
 5.965535383316618
 6.244788063635711
 6.133086991508073
 6.194173515327876
 0.01396263401595377
 6.229080100367763
 0.04886921905584085
 0.1204277183876084
 0.1466076571675234
 0.1954768762233652
 0.2321287905152465
 0.2879793265790651
 0.3089232776029966
 0.3019419605950189
 0.2705260340591211
 0.2321287905152465
 0.2251474735072687
 0.1867502299633932
 0.1727875959474376
 0.1658062789394616
 0.1204277183876084
 0.06806784082777906
 0.04886921905584085
 6.274458660919615
 0.05061454830783596
 0.008726646259971993
 6.211626807847819
 6.251769380643688
 6.216862795603802
 6.185446869067904
 6.176720222807933
 6.117379028240125
 6.028367236388414
 6.033603224144398
 5.960299395560637
 5.888740896228867
 5.838126347921032
 5.784021141109208
 5.84161700642502
 5.860815628196958
 5.825909043157071
 6.098180406468187
 5.923647481268755
 6.028367236388414
 0.1099557428756421
 0.1378810109075523
 0.2338741197672398
 0.4450589592585548
 0.4607669225265028
 0.4869468613064178
 0.4747295565424574
 0.4677482395344796
 0.4782202150464459
 0.4450589592585548
 0.4258603374866157
 0.4136430327226561
 0.4136430327226561
 0.3839724354387535
 0.3752457891787815
 0.3892084231947353
 0.4066617157146784
 0.3979350694547064
 0.3647738136668153
 0.3455751918948771
 0.3176499238629678
 0.3001966313430247
 0.3001966313430247
 0.2879793265790651
 0.2844886680750749
 0.2652900463031385
 0.2268928027592629
 0.2426007660272118
 0.2408554367752167
 0.1902408884673825
 0.1466076571675234
 0.1047197551196604
 0.04886921905584085
 0.05061454830783596
 0.01570796326794888
 0.02268928027592576
 0.02967059728390264
 6.220353454107791
 6.0946897479642
 6.089453760208215
 6.117379028240125
 6.174974893555937
 6.174974893555937
 6.103416394224172
 6.11563369898813
 6.028367236388414
 6.061528492176306
 5.799729104377158
 5.991715322096533
 5.77703982410123
 6.028367236388414
 5.982988675836561
 5.925392810520749
 6.021385919380437
 6.185446869067904
 0.04886921905584085
 0.06108652381980217
 0.1623156204354723
 0.2094395102393198
 0.26179938779915
 0.2792526803190931
 0.2792526803190931
 0.2757620218151038
 0.2565634000431665
 0.2513274122871838
 0.2426007660272118
 0.2181661564992918
 0.2181661564992918
 0.2076941809873265
 0.1902408884673825
 0.1989675347273545
 0.1989675347273545
 0.1989675347273545
 0.1815142422074096
 0.2076941809873265
 0.1989675347273545
 0.1989675347273545
 0.1989675347273545
 0.2129301687433083
 0.1797689129554154
 0.1815142422074096
 0.1710422666954443
 0.1727875959474376
 0.1727875959474376
 0.1867502299633932
 0.1989675347273545
 0.1989675347273545
 0.1902408884673825
 0.1815142422074096
 0.1867502299633932
 0.1815142422074096
 0.1867502299633932
 0.1884955592153874
 0.1815142422074096
 0.1989675347273545
 0.1745329251994336
 0.1710422666954443
 0.1815142422074096
 0.1797689129554154
 0.1710422666954443
 0.1658062789394616
 0.1623156204354723
 0.1483529864195177
 0.1570796326794897
 0.1727875959474376
 0.1658062789394616
 0.143116998663535
 0.1378810109075523
 0.1134464013796315
 0.1274090353955852
 0.1134464013796315
 0.1117010721276372
 0.09424777960769415
 0.08552113334772216
 0.09075712110370571
 0.08552113334772216
 0.05235987755983018
 0.05934119456780707
 0.05061454830783596
 0.03316125578789197
 0.03316125578789197
 6.274458660919615
 0.02094395102393243
 6.274458660919615
 6.216862795603802
 6.244788063635711
 6.243042734383716
 6.213372137099815
 6.185446869067904
 6.185446869067904
 6.166248247295965
 6.155776271784
 6.089453760208215
 6.122615015996107
 6.106907052728159
 6.033603224144398
 6.061528492176306
 6.056292504420324
 6.042329870404369
 6.028367236388414
 5.899212871740835
 5.937610115284709
 5.967280712568613
 6.028367236388414
 6.11563369898813
 6.220353454107791
 0.3019419605950189
 0.3211405823669562
 0.6073745796940262
 0.6963863715457377
 0.8203047484373354
 0.9110618695410402
 0.9738937226128357
 0.9494591130849148
 0.9407324668249437
 0.9581857593448868
 0.8796459430051424
 0.8098327729253691
 0.7888888219014367
 0.7312929565856239
 0.6335545184739413
 0.4153883619746503
 0.3822271061867584
 0.2164208272472967
 0.1466076571675234
 0.04886921905584085
 6.27271333166762
 6.166248247295965
 6.131341662256079
 6.045820528908357
 5.99869663910451
 5.941100773788698
 5.902703530244823
 5.845107664929009
 5.818927726149094
 5.756095873077299
 5.78053048260522
 5.710717312525446
 5.691518690753508
 5.663593422721599
 5.651376117957639
 5.63566815468969
 5.633922825437696
 5.602506898901797
 5.593780252641826
 5.553637679845957
 5.520476424058065
 5.513495107050088
 5.483824509766183
 5.455899241734274
 5.436700619962337
 5.394812717914473
 5.375614096142534
 5.347688828110625
 5.338962181850654
 5.319763560078716
 5.307546255314756
 5.298819609054784
 5.293583621298801
 5.283111645786835
 5.277875658030853
 5.277875658030853
 5.274384999526864
 5.270894341022876
 5.25693170700692
 5.258677036258915
 5.26914901177088
 5.253441048502932
 5.232497097479
 5.162683927399226
 5.235987755982988
 5.119050696099368
 5.070181477043527
 4.989896331451789
 4.841543345032271
 4.766494187196513
 4.583234615737109
 4.487241506877421
 4.352851154473857
 4.242895411598216
 4.115486376202629
 3.94269878025519
 3.844960342143509
 3.78910980607969
 3.762929867299775
 3.759439208795786
 3.775147172063735
 3.7856191475757
 3.79783645233966
 3.811799086355615
 3.832743037379547
 3.844960342143509
 3.85019632989949
 3.867649622419434
